122,52
122,51
122,50
122,49
122,48
122,47
122,46
122,45
122,44
122,43
122,42
122,41
122,40
122,39
122,38
122,37
122,36
122,35
0,273
0,270
3,2
10,156
10,282
10,112
10,278
10,124
10,226
10,184
10,254
10,2
11,26
11,23
11,14
11,9
11,11
11,8
11,2
11,3
9,7
9,2
9,3
8,8
8,5
8,9
8,18
8,2
8,3
12,2
12,1
12,3
115,6
115,5
115,4
115,3
115,2
115,1
115,0
111,5
111,4
111,3
111,2
111,1
111,0
106,5
106,3
106,2
106,1
104,5
104,3
104,2
104,1
99,7
99,6
99,5
99,4
99,3
99,2
99,1
99,0
92,7
92,6
92,5
92,4
92,3
92,2
92,1
92,0
90,4
90,3
90,2
90,1
90,0
82,6
82,5
82,4
82,3
82,2
82,1
66,5
66,4
66,3
66,2
66,1
57,5
57,4
57,3
57,2
57,1
55,4
55,3
55,1
45,5
45,4
45,3
45,2
45,1
33,3
33,1
24,3
24,1
20,3
